750
122
141
994
918 919
930 31
885 891
581 582
943 20
410 414
525 528
612 101
841 846
744 750
982 10
937 940
484 137
269 224
449 454
285 288
731 67
928 929
715 716
697 80
932 27
343 344
760 762
670 673
912 915
991 6
390 169
876 40
657 91
461 465
753 759
796 797
956 957
405 407
862 49
482 138
866 872
721 71
871 44
590 105
958 960
858 861
452 458
993 995
543 544
513 517
828 837
686 85
438 155
758 61
684 82
466 147
814 54
936
635 636
558 118
726 69
798 800
408 409
244 236
953 15
573 114
259 227
368 375
949 952
7
564 117
722
978
597
740 65
413 163
751 64
392 394
447 153
371 372
373 383
469 146
478 481
664 665
794 795
705 72
961 967
728
732
504
166
434 437
662 88
350 188
965 973
246 234
363 365
977 979
735 68
38
211
287
606
13
485
803
457
749 752
417 162
335 336
660 661
341 191
327 330
459 150
916 32
695 698
622 624
838 840
985 8
518 126
825 832
609 617
339 198
947 18
585 108
494 495
737 66
22
775
401 402
847 51
471 475
571 115
248 249
717 720
816 817
266 226
386 172
455 151
511 128
490 133
428 157
920 927
620 97
359 182
806 813
808 57
487 134
376 175
421
125
951
570
241
476 143
763 59
881 882
257 231
651 93
615 99
550
941 26
382 385
770 773
451
745
599 600
202
904 911
868 46
902 903
709 710
432 156
286
78
964
605
516
265
70
456
28
302
559
887
629
892 897
729
746
424 158
337 195
603 102
320
913
638
706
836
277
254
181
498 129
879 37
545 547
474 144
250 252
566 116
701 76
318 321
521 522
674 675
873 47
988 990
810 55
529 124
568 572
304 306
713
604
663
251
596
567
23
898 909
831
802
962
648
509
557
799
167
4
963
833 834
681 683
853 52
553 119
723
499
532
743
73
931
850
899
583 586
280 218
986
530
896
480
109
820
864
997
998
761
479
296
633 634
34
433
41
718
906
500
924
889
950
492 131
968 12
894 901
422 160
403 165
264 270
271 223
637 95
818 824
483
154
83
774 58
496 130
289 290
310 204
618 619
436
196
247
255
855
25
602
505
63
839
178
279
704
174
785
186
908
391
19
996 2
527 534
801 805
216
468
502
830
322 200
497
275
654
197
703 79
189
724
201
577 578
159
370
404
238 237
792
676 84
90
314
835 53
579 580
537 542
145
768
999 0
576
324 199
765 769
610
331 338
653 659
139
972
329
347
907
688
48
935
284
922
393
328
671
776
384 173
297 207
980 984
934 30
969
472
725
81
450
281
228
467
815
355 185
551
348
439
103
945 946
690
790
842
540
791
819
679
548 552
463
905
179
364
644
309
536
682
501 510
415 418
464 470
856 857
643 94
711 714
443 444
262 263
345 190
300
419 161
555
381
848
741
611
692
267
687
669
865
786
400
821
921
11
298
754
926
388 171
625 630
307 206
562 563
601 104
508
539
423
756
523 524
113
87
561
272
987
554
888
702
453
869
514
222
560
771
503 512
411
148
777
812
533
742
406
446
89
878
852
208
645
588
779
416
395 398
315
332
778
340
107
351
556
923
323
914
959
627
203
21
860
5
939
273 221
291 215
3
387
430
507
389
992
641
35
358
233
60
9
781 782
187
301
488
736
316
334
506
176
614
295 214
666 86
100
826
493
890
260
877
867
520
983
312
136
121
220
976
531
313
462
707
299
278
219
668 685
880
541
942
366 180
127
217
910 36
789 793
98
140
925
240
565
184
755
616
75
239
893
626
205
374
655
649
734
526
225
229
253 256
283
593
303
379
854
694
938
293
628 632
587 589
631 96
367
50
149
546
607 608
595 598
757
883 884
584
412
425
823
460
874
519
235
397
623
974 981
45
209
652
733
672
658
1
268
435
677
292
650
361
352
708
886
311
442
29
719
440
362
142
933
356
575
970
870
213
656
849
693
727
613
305
261
591
895
787
177
667
378
346
377
62
274
574
807
747
678
535 123
120
845
712
594
429
783 788
232
863
917
642
192
989
39
342
441
325
829
276
42
491
319
258
210
245
92
111
875
193
975
822
843
966
349
739
426 427
294
396
680
473
360
369
445 152
844
738
74
112
132
170
486
691
317
357
538
955
764
689 696
954
592
43
14
431
549
24
766
784
646
971
859
772
621
730
308
948
33
477
16
135
944
569
515
230
767
489
110
780
164
326
354
647
639
748
194
448
420
811
399 168
827
804
900
106
851
212
640
77
809
380
282
17
699 700
56
333
242 243
353 183
