750
56
796 797
956 957
405 407
862 49
471 475
571 115
932 27
697 80
715 716
928 929
242 243
947 18
847 51
401 402
408 409
244 236
953 15
841 846
982 10
991 6
912 915
262 263
438 155
327 330
858 861
452 458
993 995
543 544
513 517
828 837
353 183
885 891
581 582
943 20
410 414
525 528
612 101
825 832
609 617
339 198
615 99
701 76
17
482 138
866 872
794 795
705 72
443 444
521 522
856 857
643 94
674 675
873 47
988 990
386 172
455 151
392 394
447 153
371 372
721 71
469 146
478 481
664 665
894 901
422 160
573 114
259 227
368 375
657 91
461 465
289 290
766
493
959
585 108
494 495
662 88
816 817
490 133
511 128
838 840
930 31
958 960
590 105
871 44
711 714
642
976
531
649
730
308
738
881 882
592
248 249
459 150
122
141
765 769
741
441
325
373 383
853 52
553 119
334
506
176
602
390 169
876 40
316
621
747
678
955
652
966
843
702
282
611
971
722
854
379
303
318 321
740 65
413 163
174
848
397
235
45
464 470
356
575
268
658
672
833 834
75
734
540
220
690
778
340
107
448
914
1
192
742
822
350 188
77
626
893
170
486
317
357
312
136
639
74
298
477
210
680
412
473
785
186
276
42
829
309
536
193
875
874
772
439
194
425
440
446
319
491
258
933
177
560
869
222
514
593
283
667
787
16
213
693
849
851
212
315
474 144
997
239
39
29
842
727
801 805
931
73
682
274
400
925
240
565
203
784
460
823
839
178
279
640
233
358
60
852
713
255
591
724
406
776
596
604
526
597
284
669
865
786
374
605
863
232
519
343 344
935
906
442
311
886
811
396
25
743
878
987
656
342
922
278
821
660 661
998
650
3
164
515
733
870
663
251
261
502
120
63
505
189
436
584
352
708
826
100
445 152
804
707
299
554
888
142
430
333
719
718
850
35
570
70
378
831
975
736
688
48
845
594
435
463
764
936
921
809
351
516
265
106
98
347
202
361
507
499
532
844
564 117
7
614
610
970
783 788
860
21
393
328
671
699 700
267
692
500
647
986
530
896
951
880
4
167
9
89
613
92
90
587 589
34
148
245
855
944
23
370
159
103
945 946
433
41
349
281
228
166
296
369
139
467
815
549
24
429
757
479
938
992
641
451
539
423
111
313
679
819
292
648
509
364
81
450
462
644
907
504
803
457
749 752
900
729
892 897
629
887
812
777
209
756
899
533
13
905
768
999 0
576
62
87
561
272
867
767
548 552
972
830
145
883 884
404
181
254
898 909
712
908
391
19
616
755
184
187
366 180
942
381
295 214
538
508
574
807
541
211
287
606
230
348
551
38
208
387
332
277
633 634
43
110
623
247
577 578
201
121
954
419 161
300
754
926
889
950
28
302
367
109
820
864
275
497
416
395 398
792
360
877
5
939
113
567
22
775
260
219
668 685
963
974 981
149
546
503 512
411
269 224
483
154
588
645
569
595 598
314
196
924
761
802
603 102
320
913
638
706
836
225
179
286
78
717 720
389
291 215
273 221
488
301
476 143
241
280 218
294
324 199
426 427
125
789 793
550
217
127
723
627
868 46
568 572
527 534
628 632
293
489
684 82
771
818 824
637 95
271 223
835 53
492 131
557
902 903
709 710
910 36
654
197
969
583 586
774 58
83
653 659
331 338
399 168
216
961 967
466 147
480
745
599 600
329
345 190
485
810 55
695 698
916 32
728
732
376 175
421
432 156
937 940
382 385
980 984
449 454
798 800
620 97
760 762
827
737 66
266 226
964
631 96
758 61
246 234
763 59
879 37
545 547
487 134
726 69
558 118
635 636
257 231
384 173
977 979
735 68
484 137
670 673
535 123
934 30
949 952
968 12
566 116
965 973
250 252
904 911
424 158
746
359 182
781 782
377
337 195
310 204
618 619
651 93
50
686 85
676 84
622 624
355 185
744 750
799
264 270
403 165
537 542
428 157
625 630
388 171
112
814 54
434 437
920 927
918 919
994
518 126
985 8
666 86
806 813
808 57
307 206
681 683
420
941 26
607 608
363 365
780
468
753 759
285 288
731 67
456
704
529 124
304 306
703 79
205
989
562 563
601 104
770 773
229
253 256
917
322 200
739
380
687
859
498 129
496 130
453
297 207
923
556
341 191
677
996 2
779
751 64
579 580
555
238 237
472
725
14
790
646
983
520
305
323
523 524
501 510
417 162
335 336
33
691
559
140
11
362
354
694
132
895
655
890
415 418
689 696
791
326
962
346
948
748
135
978
431
